Country/area 2004       2012    Absouloute+       Percent+
France	60,108,436	63,071,412	+2,962,976	+5%
French Guiana	193,709	239,255	+45,546	+24%
French Polynesia	267,135	286,591	+19,456	+7%
Gabon	1,417,115	1,836,711	+419,596	+30%
Gambia	1,612,237	2,061,020	+448,783	+28%
Georgia	3,988,861	3,804,358	-184,503	-5%
Germany	81,266,670	81,545,570	+278,900	+0%
Ghana	21,906,448	26,858,760	+4,952,312	+23%
Gibraltar	28,743	32,183	+3,440	+12%
Greece	11,115,089	10,963,633	-151,456	-1%
Greenland	56,888	56,217	-671	-1%
Grenada	109,529	115,930	+6,401	+6%
Guadeloupe	408,632	402,988	-5,644	-1%
Guam	164,022	166,404	+2,382	+1%
Guatemala	12,852,433	15,128,307	+2,275,874	+18%
Guernsey	59,738	61,221	+1,483	+2%
Guinea	8,961,046	10,788,696	+1,827,650	+20%
Guinea-Bissau	1,347,012	1,652,720	+305,708	+23%
Guyana	760,428	743,970	-16,458	-2%
Haiti	8,961,495	10,108,541	+1,147,046	+13%
Honduras	7,383,408	8,792,370	+1,408,962	+19%
Hong Kong	6,915,997	7,234,062	+318,065	+5%
Hungary	10,094,499	9,922,133	-172,366	-2%
Iceland	292,364	320,988	+28,624	+10%
India	1,136,264,600	1,274,487,200	+138,222,600	+12%
Indonesia	225,938,600	250,222,690	+24,284,090	+11%
Iran	69,061,680	77,324,450	+8,262,770	+12%
Iraq	27,858,950	33,864,452	+6,005,502	+22%
Ireland	4,031,961	4,564,550	+532,589	+13%
Isle of Man	78,697	84,352	+5,655	+7%
Israel	6,595,990	7,592,099	+996,109	+15%
Italy	57,860,664	60,190,150	+2,329,486	+4%
Jamaica	2,664,027	2,759,819	+95,792	+4%
Japan	127,671,290	127,853,690	+182,400	+0%
Jersey	89,831	97,438	+7,607	+8%
Jordan	5,532,426	7,211,866	+1,679,440	+30%
Kazakhstan	15,521,921	17,102,868	+1,580,947	+10%
Kenya	34,791,836	43,725,810	+8,933,974	+26%
Kiribati	96,239	111,630	+15,391	+16%
Kosovo	1,832,246	1,811,418	-20,828	-1%
Kuwait	2,153,485	3,394,668	+1,241,183	+58%
Kyrgyzstan	5,137,043	5,631,955	+494,912	+10%
Laos	5,768,170	6,508,806	+740,636	+13%
Latvia	2,263,453	2,053,635	-209,818	-9%
Lebanon	4,574,799	5,178,338	+603,539	+13%
Lesotho	1,985,386	2,054,722	+69,336	+3%
Liberia	3,122,448	4,331,749	+1,209,301	+39%
Libya	5,687,561	5,869,880	+182,319	+3%
Liechtenstein	34,326	36,526	+2,200	+6%
Lithuania	3,422,593	3,063,340	-359,253	-10%
Luxembourg	457,798	530,596	+72,798	+16%
Macao	475,536	582,776	+107,240	+23%
Madagascar	18,250,776	22,966,242	+4,715,466	+26%
Malawi	12,411,343	15,581,250	+3,169,907	+26%
Malaysia	25,333,250	29,660,216	+4,326,966	+17%
Maldives	302,142	387,552	+85,410	+28%
Mali	12,751,997	16,514,689	+3,762,692	+30%
Malta	408,805	429,912	+21,107	+5%
Marshall Islands	54,452	52,223	-2,229	-4%
Martinique	410,136	386,991	-23,145	-6%
Mauritania	2,946,583	3,636,122	+689,539	+23%
Mauritius	1,250,388	1,288,753	+38,365	+3%
Mayotte	183,761	223,586	+39,825	+22%
Mexico	103,945,816	115,755,910	+11,810,094	+11%
Micronesia (country)	111,447	108,248	-3,199	-3%
Moldova	4,046,998	3,507,197	-539,801	-13%
Monaco	32,258	34,723	+2,465	+8%
Mongolia	2,537,955	2,792,354	+254,399	+10%
Montenegro	632,550	633,053	+503	+0%
Montserrat	4,682	4,999	+317	+7%
Morocco	30,033,124	33,352,166	+3,319,042	+11%
Mozambique	19,694,412	24,487,614	+4,793,202	+24%
Myanmar	47,338,444	50,218,196	+2,879,752	+6%
Namibia	1,939,405	2,167,474	+228,069	+12%
Nauru	10,356	10,464	+108	+1%
Nepal	26,003,970	27,330,696	+1,326,726	+5%
Netherlands	16,196,036	16,785,296	+589,260	+4%
New Caledonia	238,656	271,315	+32,659	+14%
New Zealand	4,081,415	4,410,285	+328,870	+8%
Nicaragua	5,386,220	6,030,605	+644,385	+12%
Niger	13,366,889	17,954,410	+4,587,521	+34%
Nigeria	136,756,850	170,075,940	+33,319,090	+24%
Niue	1,914	1,833	-81	-4%
North Korea	23,948,936	24,887,770	+938,834	+4%
North Macedonia	2,075,879	2,099,486	+23,607	+1%
Northern Mariana Islands	71,917	52,383	-19,534	-27%
Norway	4,592,284	5,019,058	+426,774	+9%
Oman	2,468,860	3,535,585	+1,066,725	+43%
Pakistan	170,648,620	202,205,860	+31,557,240	+18%
Palau	19,927	17,974	-1,953	-10%
Palestine	3,460,130	4,184,161	+724,031	+21%


