Afghanistan	24,411,196	32,716,214	+8,305,018	+34%
Albania	3,032,636	2,884,100	-148,536	-5%
Algeria	32,956,690	38,760,170	+5,803,480	+18%
American Samoa	57,277	52,234	-5,043	-9%
Andorra	79,845	71,644	-8,201	-10%
Angola	19,450,962	27,128,340	+7,677,378	+39%
Anguilla	12,149	14,143	+1,994	+16%
Antigua and Barbuda	79,879	89,252	+9,373	+12%
Argentina	39,070,504	42,824,064	+3,753,560	+10%
Armenia	3,047,254	2,889,937	-157,317	-5%
Aruba	94,495	103,607	+9,112	+10%
Australia	20,171,732	23,469,578	+3,297,846	+16%
Austria	8,227,034	8,546,066	+319,032	+4%
Azerbaijan	8,656,243	9,741,879	+1,085,636	+13%
Bahamas	347,815	389,137	+41,322	+12%
Bahrain	901,928	1,311,142	+409,214	+45%
Bangladesh	140,912,590	155,961,310	+15,048,720	+11%
Barbados	269,489	277,501	+8,012	+3%
Belarus	9,935,166	9,693,741	-241,425	-2%
Belgium	10,516,979	11,176,727	+659,748	+6%
Belize	280,386	352,343	+71,957	+26%
Benin	8,149,420	10,614,845	+2,465,425	+30%
Bermuda	62,980	63,375	+395	+1%
Bhutan	663,332	736,362	+73,030	+11%
Bolivia	9,377,395	10,916,991	+1,539,596	+16%
Bonaire Sint Eustatius and Saba	16,748	22,599	+5,851	+35%
Bosnia and Herzegovina	4,094,297	3,571,070	-523,227	-13%
Botswana	1,892,819	2,260,383	+367,564	+19%
Brazil	186,797,340	203,459,650	+16,662,310	+9%
British Virgin Islands	23,522	29,000	+5,478	+23%
Brunei	366,728	416,670	+49,942	+14%
Bulgaria	7,815,221	7,372,142	-443,079	-6%
Burkina Faso	13,876,134	18,169,844	+4,293,710	+31%
Burundi	7,388,869	10,494,920	+3,106,051	+42%
Cambodia	13,246,588	15,210,817	+1,964,229	+15%
Cameroon	17,275,174	22,299,590	+5,024,416	+29%
Canada	32,215,914	35,404,616	+3,188,702	+10%
Cape Verde	492,841	546,083	+53,242	+11%
Cayman Islands	46,750	59,580	+12,830	+27%
Central African Republic	4,208,845	4,798,739	+589,894	+14%
Chad	10,005,013	13,697,128	+3,692,115	+37%
Chile	16,175,315	17,687,108	+1,511,793	+9%
China	1,304,887,600	1,385,189,600	+80,302,000	+6%
Colombia	42,220,944	46,677,944	+4,457,000	+11%
Comoros	592,691	714,617	+121,926	+21%
Congo	3,672,845	4,944,865	+1,272,020	+35%
Cook Islands	15,168	17,842	+2,674	+18%
Costa Rica	4,315,894	4,844,293	+528,399	+12%
Cote d'Ivoire	18,970,216	22,995,554	+4,025,338	+21%
Croatia	4,429,687	4,283,968	-145,719	-3%
Cuba	11,246,113	11,332,030	+85,917	+1%
Curacao	147,275	168,034	+20,759	+14%
Cyprus	1,037,070	1,176,997	+139,927	+13%
Czechia	10,280,122	10,517,178	+237,056	+2%
Democratic Republic of Congo	56,550,244	76,035,590	+19,485,346	+34%
Denmark	5,436,314	5,650,654	+214,340	+4%
Djibouti	830,863	989,091	+158,228	+19%
Dominica	68,686	69,388	+702	+1%
Dominican Republic	9,164,770	10,282,116	+1,117,346	+12%
East Timor	969,318	1,184,842	+215,524	+22%
Ecuador	13,770,015	15,957,995	+2,187,980	+16%
Egypt	79,075,310	95,592,330	+16,517,020	+21%
El Salvador	6,037,817	6,209,528	+171,711	+3%
Equatorial Guinea	864,740	1,295,193	+430,453	+50%
Eritrea	2,831,735	3,323,429	+491,694	+17%
Estonia	1,354,665	1,314,531	-40,134	-3%
Eswatini	1,071,895	1,125,872	+53,977	+5%
Ethiopia	77,469,944	99,746,770	+22,276,826	+29%
Falkland Islands	3,223	3,356	+133	+4%
Faroe Islands	48,315	48,494	+179	+0%
Fiji	874,929	915,576	+40,647	+5%
Finland	5,246,070	5,461,436	+215,366	+4%
France	60,510,080	63,588,496	+3,078,416	+5%
French Guiana	201,271	251,379	+50,108	+25%
French Polynesia	271,069	289,880	+18,811	+7%
Gabon	1,458,362	1,966,858	+508,496	+35%
Gambia	1,660,377	2,189,023	+528,646	+32%
Georgia	3,961,183	3,774,232	-186,951	-5%
Germany	81,212,170	81,858,824	+646,654	+1%
Ghana	22,496,952	28,196,356	+5,699,404	+25%
Gibraltar	29,179	32,478	+3,299	+11%
Greece	11,113,450	10,862,972	-250,478	-2%
Greenland	56,909	55,972	-937	-2%
Grenada	110,268	117,986	+7,718	+7%
Guadeloupe	403,244	400,856	-2,388	-1%
Guam	164,448	167,555	+3,107	+2%
Guatemala	13,132,818	15,713,744	+2,580,926	+20%
Guernsey	59,888	61,564	+1,676	+3%
Guinea	9,140,112	11,333,362	+2,193,250	+24%
Guinea-Bissau	1,379,714	1,743,318	+363,604	+26%
Guyana	759,713	751,126	-8,587	-1%
Haiti	9,111,901	10,412,741	+1,300,840	+14%
Honduras	7,564,615	9,127,851	+1,563,236	+21%
Hong Kong	6,936,872	7,352,180	+415,308	+6%
Hungary	10,073,533	9,867,906	-205,627	-2%
Iceland	297,037	327,650	+30,613	+10%
India	1,154,638,700	1,307,246,500	+152,607,800	+13%
Indonesia	228,805,150	256,229,760	+27,424,610	+12%
Iran	70,182,590	79,961,670	+9,779,080	+14%
Iraq	28,698,688	36,746,484	+8,047,796	+28%
Ireland	4,121,220	4,622,165	+500,945	+12%
Isle of Man	79,431	83,916	+4,485	+6%
Israel	6,714,119	7,863,849	+1,149,730	+17%
Italy	58,199,876	60,322,790	+2,122,914	+4%
Jamaica	2,676,868	2,784,542	+107,674	+4%
Japan	127,798,376	127,476,730	-321,646	-0%
Jersey	90,913	99,390	+8,477	+9%
Jordan	5,678,541	8,658,030	+2,979,489	+52%
Kazakhstan	15,656,255	17,592,296	+1,936,041	+12%
Kenya	35,843,016	45,831,860	+9,988,844	+28%
Kiribati	98,181	115,002	+16,821	+17%
Kosovo	1,825,054	1,777,812	-47,242	-3%
Kuwait	2,235,409	3,761,590	+1,526,181	+68%
Kyrgyzstan	5,193,112	5,814,426	+621,314	+12%
Laos	5,852,969	6,691,467	+838,498	+14%
Latvia	2,233,165	2,011,040	-222,125	-10%
Lebanon	4,643,052	6,274,345	+1,631,293	+35%
Lesotho	1,977,428	2,095,251	+117,823	+6%
Liberia	3,266,326	4,519,410	+1,253,084	+38%
Libya	5,837,994	6,097,767	+259,773	+4%
Liechtenstein	34,627	37,120	+2,493	+7%
Lithuania	3,373,536	2,994,928	-378,608	-11%
Luxembourg	464,868	556,075	+91,207	+20%
Macao	488,628	604,163	+115,535	+24%
Madagascar	18,792,174	24,215,980	+5,423,806	+29%
Malawi	12,755,647	16,477,972	+3,722,325	+29%
Malaysia	25,923,540	30,606,454	+4,682,914	+18%
Maldives	307,023	416,746	+109,723	+36%
Mali	13,180,556	17,551,824	+4,371,268	+33%
Malta	410,217	446,449	+36,232	+9%
Marshall Islands	54,356	50,440	-3,916	-7%
Martinique	400,375	384,393	-15,982	-4%
Mauritania	3,012,363	3,843,181	+830,818	+28%
Mauritius	1,258,050	1,292,112	+34,062	+3%
Mayotte	187,154	239,717	+52,563	+28%
Mexico	105,442,400	118,755,890	+13,313,490	+13%
Micronesia (country)	110,957	109,039	-1,918	-2%
Moldova	4,001,380	3,338,338	-663,042	-17%
Monaco	32,162	36,133	+3,971	+12%
Mongolia	2,559,258	2,902,826	+343,568	+13%
Montenegro	632,885	634,301	+1,416	+0%
Montserrat	4,717	5,075	+358	+8%
Morocco	30,431,898	34,248,610	+3,816,712	+13%
Mozambique	20,211,124	26,038,704	+5,827,580	+29%
Myanmar	47,724,470	51,072,436	+3,347,966	+7%
Namibia	1,962,874	2,243,008	+280,134	+14%
Nauru	10,337	10,965	+628	+6%
Nepal	26,285,112	27,462,110	+1,176,998	+4%
Netherlands	16,261,834	16,954,080	+692,246	+4%
New Caledonia	242,147	280,805	+38,658	+16%
New Zealand	4,132,782	4,514,198	+381,416	+9%
Nicaragua	5,454,680	6,208,680	+754,000	+14%
Niger	13,855,225	19,372,012	+5,516,787	+40%
Nigeria	140,490,720	179,379,020	+38,888,300	+28%
Niue	1,881	1,858	-23	-1%
North Korea	24,100,980	25,126,140	+1,025,160	+4%
North Macedonia	2,078,667	2,105,293	+26,626	+1%
Northern Mariana Islands	69,045	51,878	-17,167	-25%
Norway	4,623,691	5,137,926	+514,235	+11%
Oman	2,515,202	4,009,272	+1,494,070	+59%
Pakistan	174,372,100	208,251,630	+33,879,530	+19%
Palau	19,853	17,821	-2,032	-10%
Palestine	3,541,198	4,380,473	+839,275	+24%
Panama	3,305,875	3,888,795	+582,920	+18%
Papua New Guinea	6,498,828	8,464,159	+1,965,331	+30%
Paraguay	5,476,881	6,090,727	+613,846	+11%
Peru	28,147,260	30,353,956	+2,206,696	+8%
Philippines	86,261,250	101,325,210	+15,063,960	+17%
Poland	38,575,910	38,581,880	+5,970	+0%
Portugal	10,523,314	10,408,379	-114,935	-1%
Puerto Rico	3,805,560	3,560,008	-245,552	-6%
Qatar	848,718	2,214,471	+1,365,753	+161%
Reunion	833,664	914,797	+81,133	+10%
Romania	21,092,264	19,995,836	-1,096,428	-5%
Russia	143,800,050	144,285,070	+485,020	+0%
Rwanda	9,026,297	11,368,450	+2,342,153	+26%
Saint Barthelemy	8,066	9,499	+1,433	+18%
Saint Helena	5,557	5,480	-77	-1%
Saint Kitts and Nevis	46,752	47,816	+1,064	+2%
Saint Lucia	165,394	174,814	+9,420	+6%
Saint Martin (French part)	33,477	35,280	+1,803	+5%
Saint Pierre and Miquelon	6,135	6,013	-122	-2%
Saint Vincent and the Grenadines	112,056	106,934	-5,122	-5%
Samoa	188,634	201,769	+13,135	+7%
San Marino	29,530	33,415	+3,885	+13%
Sao Tome and Principe	161,697	197,511	+35,814	+22%
Saudi Arabia	24,397,652	32,125,570	+7,727,918	+32%
Senegal	10,974,066	13,970,314	+2,996,248	+27%
Serbia	7,830,944	7,543,965	-286,979	-4%
Seychelles	85,907	98,016	+12,109	+14%
Sierra Leone	5,683,338	7,140,700	+1,457,362	+26%
Singapore	4,344,645	5,570,505	+1,225,860	+28%
Sint Maarten (Dutch part)	31,519	39,124	+7,605	+24%
Slovakia	5,376,251	5,419,572	+43,321	+1%
Slovenia	2,004,780	2,074,923	+70,143	+3%
Solomon Islands	482,496	597,386	+114,890	+24%
Somalia	10,467,294	13,309,236	+2,841,942	+27%
South Africa	49,017,156	54,729,556	+5,712,400	+12%
South Korea	47,889,576	50,558,044	+2,668,468	+6%
South Sudan	7,662,659	11,213,286	+3,550,627	+46%
Spain	43,685,372	46,464,548	+2,779,176	+6%
Sri Lanka	19,673,866	21,239,448	+1,565,582	+8%
Sudan	29,540,584	37,003,250	+7,462,666	+25%
Suriname	516,228	569,687	+53,459	+10%
Sweden	9,051,739	9,747,507	+695,768	+8%
Switzerland	7,428,437	8,187,792	+759,355	+10%
Syria	18,583,556	20,072,232	+1,488,676	+8%
Taiwan	22,796,312	23,422,504	+626,192	+3%
Tajikistan	6,929,153	8,326,354	+1,397,201	+20%
Tanzania	39,439,508	50,814,550	+11,375,042	+29%
Thailand	65,821,360	69,960,940	+4,139,580	+6%
Togo	5,711,605	7,288,381	+1,576,776	+28%
Tokelau	1,452	1,517	+65	+4%
Tonga	105,644	106,639	+995	+1%
Trinidad and Tobago	1,369,078	1,450,663	+81,585	+6%
Tunisia	10,388,349	11,428,953	+1,040,604	+10%
Turkey	68,704,710	78,112,060	+9,407,350	+14%
Turkmenistan	4,885,780	5,663,159	+777,379	+16%
Turks and Caicos Islands	24,019	35,014	+10,995	+46%
Tuvalu	9,933	10,922	+989	+10%
Uganda	27,946,586	36,336,544	+8,389,958	+30%
Ukraine	46,912,616	45,148,070	-1,764,546	-4%
United Arab Emirates	4,280,995	8,835,957	+4,554,962	+106%
United Kingdom	60,383,740	64,773,504	+4,389,764	+7%
United States	296,842,660	322,033,950	+25,191,290	+8%
United States Virgin Islands	106,499	103,393	-3,106	-3%
Uruguay	3,317,666	3,391,660	+73,994	+2%
Uzbekistan	26,573,428	30,446,542	+3,873,114	+15%
Vanuatu	217,642	269,942	+52,300	+24%
Venezuela	26,668,790	30,193,260	+3,524,470	+13%
Vietnam	83,142,100	91,235,500	+8,093,400	+10%
Wallis and Futuna	14,574	12,335	-2,239	-15%
Western Sahara	339,195	478,023	+138,828	+41%
Yemen	21,320,676	27,753,310	+6,432,634	+30%
Zambia	11,564,874	15,737,796	+4,172,922	+36%
Zimbabwe	12,224,758	13,855,758	+1,631,000	+13%
Other
Africa (UN)	927,898,100	1,170,299,000	+242,400,900	+26%
Asia (UN)	3,980,365,800	4,413,673,500	+433,307,700	+11%
Europe (UN)	728,950,460	741,014,140	+12,063,680	+2%
High-income countries	1,136,133,500	1,209,361,300	+73,227,800	+6%
Land-locked developing countries (LLDC)	377,754,800	467,737,340	+89,982,540	+24%
Latin America and the Caribbean (UN)	557,964,000	616,734,100	+58,770,100	+11%
Least developed countries	749,852,860	929,398,000	+179,545,140	+24%
Less developed regions	5,347,938,300	6,084,975,000	+737,036,700	+14%
Less developed regions, excluding China	4,012,829,000	4,668,406,300	+655,577,300	+16%
Less developed regions, excluding least developed countries	4,598,085,600	5,155,577,000	+557,491,400	+12%
Low-income countries	462,591,600	594,773,440	+132,181,840	+29%
Lower-middle-income countries	2,684,204,500	3,089,307,600	+405,103,100	+15%
More developed regions	1,210,238,000	1,254,038,500	+43,800,500	+4%
Northern America (UN)	329,184,540	357,563,870	+28,379,330	+9%
Oceania (UN)	33,813,024	39,728,976	+5,915,952	+17%
Small island developing states (SIDS)	61,474,390	68,979,530	+7,505,140	+12%
Upper-middle-income countries	2,248,162,600	2,414,815,200	+166,652,600	+7%
World	6,558,176,000	7,339,013,600	+780,837,600	+12%